191.2
193
195.1
184.3
197.6
200.8
194.2
198.7
189.5
200.2
196.7
202.7
189.6
197.1
200.2
194.6
195.5
196.7
194.8
194.3
193.5
194.5
196.2
186.9
191.5
192.1
190.8
205.8
198.4
197
196.9
193.2
193.2
196
191.3
197
199.4
197.3
197.2
190.7
195.3
193.1
196.9
198
192.2
199.8
196.3
190.8
197.7
191
197.3
191.6
193.2
194.6
191.9
199.4
200.7
195.6
192.6
194.6
190
197.7
195.8
195.1
188.6
195.6
193.9
198.9
199.5
199.9
200.2
193.2
199.5
196.7
191
193.4
190.1
194.6
196.1
196.5
199.5
200.5
189
203.5
188.8
189.9
194.2
193
197.8
188.3
189.4
194.2
193.7
198
193.1
201.4
190
197.8
192.7
192.1
197.1
194.2
200.6
202.2
194.6
193.8
198.1
193.8
189.3
189.8
201.8
189.7
194.7
198.1
191.1
198.3
201.6
198.6
202.4
197.6
197.1
185.3
201.5
200.1
196.8
187
196.5
195.4
194.7
193.3
191.6
193.2
197.2
189.2
192.3
201.7
194.1
193.4
189.1
198.8
189.8
193.5
191.6
195.3
193.3
197
199.6
194.3
192.5
193.7
206.3
188.1
193.6
199.9
195.4
198.5
196.2
197.3
200.7
190.9
